60
104
13 24
24 7
7 8
8 53
53 34
13 59
59 43
43 51
51 40
40 3
3 2
2 38
38 56
56 50
59 16
24 16
43 23
16 23
51 12
23 12
40 27
12 27
3 36
27 36
2 48
36 48
38 29
48 29
56 28
29 28
50 32
28 32
16 19
7 19
23 42
19 42
12 25
42 25
27 58
25 58
36 41
58 41
48 35
41 35
29 30
35 30
28 4
30 4
32 46
4 46
19 31
8 31
42 33
31 33
25 37
33 37
58 55
37 55
41 9
55 9
35 54
9 54
30 15
54 15
4 6
15 6
46 39
6 39
31 18
53 18
33 26
18 26
37 52
26 52
55 20
52 20
9 47
20 47
54 1
47 1
15 17
1 17
6 11
17 11
39 14
11 14
18 45
34 45
26 21
45 21
52 5
21 5
20 10
5 10
47 44
10 44
1 0
44 0
17 57
0 57
11 49
57 49
14 22
49 22
