81
144
18 32
32 9
9 10
10 71
71 45
45 80
80 19
19 24
18 40
40 68
68 73
73 26
26 36
36 30
30 38
38 76
40 22
32 22
68 14
22 14
73 72
14 72
26 34
72 34
36 35
34 35
30 8
35 8
38 54
8 54
76 16
54 16
22 60
9 60
14 13
60 13
72 67
13 67
34 51
67 51
35 27
51 27
8 12
27 12
54 50
12 50
16 65
50 65
60 57
10 57
13 46
57 46
67 53
46 53
51 69
53 69
27 20
69 20
12 58
20 58
50 63
58 63
65 64
63 64
57 28
71 28
46 0
28 0
53 17
0 17
69 41
17 41
20 25
41 25
58 6
25 6
63 15
6 15
64 3
15 3
28 55
45 55
0 2
55 2
17 48
2 48
41 7
48 7
25 37
7 37
6 4
37 4
15 43
4 43
3 79
43 79
55 42
80 42
2 49
42 49
48 39
49 39
7 21
39 21
37 5
21 5
4 70
5 70
43 66
70 66
79 74
66 74
42 31
19 31
49 29
31 29
39 59
29 59
21 62
59 62
5 75
62 75
70 1
75 1
66 77
1 77
74 33
77 33
31 23
24 23
29 78
23 78
59 52
78 52
62 11
52 11
75 61
11 61
1 44
61 44
77 47
44 47
33 56
47 56
