100
180
22 40
40 11
11 2
2 88
88 55
55 98
98 23
23 28
28 48
22 26
26 30
30 62
62 33
33 65
65 79
79 52
52 99
99 12
26 74
40 74
30 54
74 54
62 43
54 43
33 17
43 17
65 45
17 45
79 84
45 84
52 7
84 7
99 76
7 76
12 27
76 27
74 70
11 70
54 18
70 18
43 5
18 5
17 9
5 9
45 91
9 91
84 60
91 60
7 1
60 1
76 24
1 24
27 94
24 94
70 32
2 32
18 46
32 46
5 42
46 42
9 71
42 71
91 14
71 14
60 51
14 51
1 39
51 39
24 75
39 75
94 63
75 63
32 67
88 67
46 58
67 58
42 69
58 69
71 37
69 37
14 19
37 19
51 56
19 56
39 15
56 15
75 49
15 49
63 97
49 97
67 50
55 50
58 20
50 20
69 59
20 59
37 95
59 95
19 77
95 77
56 41
77 41
15 82
41 82
49 61
82 61
97 72
61 72
50 36
98 36
20 96
36 96
59 10
96 10
95 13
10 13
77 38
13 38
41 93
38 93
82 64
93 64
61 68
64 68
72 80
68 80
36 25
23 25
96 89
25 89
10 34
89 34
13 8
34 8
38 35
8 35
93 86
35 86
64 90
86 90
68 16
90 16
80 31
16 31
25 83
28 83
89 4
83 4
34 57
4 57
8 85
57 85
35 6
85 6
86 73
6 73
90 47
73 47
16 21
47 21
31 44
21 44
83 66
48 66
4 81
66 81
57 0
81 0
85 78
0 78
6 29
78 29
73 92
29 92
47 3
92 3
21 87
3 87
44 53
87 53
