70
300
2 0
3 0
4 0
7 3
7 4
8 2
8 7
9 0
11 3
11 6
12 3
12 6
12 9
12 10
13 11
14 12
15 6
18 12
18 14
19 3
19 8
19 10
20 0
20 1
20 6
20 17
21 16
22 1
22 8
22 15
22 17
23 2
23 13
23 22
24 9
24 10
24 22
25 12
25 24
26 10
26 12
27 1
27 11
27 22
28 17
29 3
29 8
29 27
30 3
30 11
30 19
30 21
31 3
31 17
31 19
31 23
32 10
32 21
32 22
32 23
33 14
33 16
33 23
33 32
34 2
34 3
34 7
34 11
34 18
34 19
34 30
35 4
35 8
35 13
35 24
36 9
36 12
36 15
36 19
36 24
36 26
36 28
36 35
37 30
37 33
38 4
38 9
38 12
38 20
38 36
38 37
39 4
39 11
39 15
39 21
39 24
39 34
39 38
40 6
40 20
40 24
40 31
40 37
40 39
41 3
41 4
41 9
41 12
41 19
41 27
42 15
42 36
43 0
43 4
43 5
43 24
43 41
44 5
44 14
44 19
44 33
44 43
45 1
45 6
45 22
45 33
45 37
45 41
46 12
46 24
46 30
46 32
47 7
47 10
47 13
47 25
48 2
48 29
48 37
48 47
49 2
49 3
49 25
49 31
49 44
50 4
50 24
50 25
50 35
50 39
51 3
51 10
51 13
51 50
52 2
52 24
52 26
52 34
52 46
53 0
53 2
53 28
53 32
53 35
53 36
53 43
53 45
53 47
54 14
54 21
54 29
54 32
54 34
54 39
54 40
54 42
54 46
55 2
55 5
55 9
55 11
55 16
55 18
55 43
56 32
56 35
56 38
56 40
56 46
57 13
57 16
57 18
57 36
57 41
57 42
58 7
58 14
58 28
58 29
58 38
58 41
58 45
58 50
58 56
59 1
59 6
59 17
59 18
59 19
59 31
59 34
59 36
59 45
59 49
59 58
60 5
60 14
60 22
60 25
60 31
60 41
60 45
60 47
60 51
60 53
60 58
61 3
61 9
61 11
61 12
61 24
61 37
61 51
61 54
61 57
62 5
62 9
62 10
62 26
62 28
62 30
63 3
63 4
63 15
63 18
63 33
63 35
63 46
63 48
63 51
63 57
64 3
64 35
64 46
64 55
65 21
65 22
65 25
65 39
65 46
65 47
65 54
65 56
66 17
66 19
66 25
66 41
66 43
66 51
66 54
66 60
67 21
67 22
67 26
67 27
67 30
67 38
67 43
67 54
67 62
68 1
68 4
68 5
68 17
68 23
68 32
68 36
68 38
68 41
68 42
68 52
68 64
69 17
69 20
69 29
69 31
69 34
69 35
69 42
69 52
