50
200
2 0
4 0
4 1
5 0
5 2
7 3
7 4
8 0
8 7
9 0
9 7
10 3
11 2
11 3
12 0
12 6
12 8
14 1
15 0
15 9
16 15
17 1
17 2
17 7
17 15
18 11
18 15
18 17
19 3
19 16
20 0
20 14
20 18
21 4
21 5
21 6
21 7
21 8
21 17
21 18
21 19
22 8
22 20
23 1
23 2
23 4
23 20
23 21
24 13
24 14
25 2
25 3
25 11
25 23
26 0
26 2
26 7
26 13
26 23
26 25
27 1
27 23
28 1
28 2
28 7
28 11
28 14
28 26
29 10
29 12
29 13
29 18
29 21
29 22
30 5
30 25
30 26
31 10
31 11
31 16
31 18
31 21
31 28
31 29
31 30
32 24
33 0
33 5
33 6
33 7
33 9
33 18
33 23
33 25
34 3
34 9
34 16
34 17
34 28
35 0
35 3
35 7
35 9
35 27
35 30
35 32
36 3
36 11
36 21
36 22
36 23
36 32
36 33
37 12
37 18
37 22
37 24
37 26
37 33
38 2
38 4
38 8
38 11
38 12
38 16
38 28
38 32
39 3
39 8
39 9
39 11
39 31
39 36
40 22
40 30
40 32
40 37
40 38
40 39
41 0
41 1
41 7
41 14
41 19
41 22
42 3
42 6
42 11
42 15
42 18
42 21
43 0
43 3
43 23
43 25
43 31
43 32
43 34
43 41
44 3
44 4
44 10
44 11
44 28
44 33
44 39
45 3
45 4
45 15
45 24
45 42
46 9
46 11
46 14
46 21
46 22
46 34
46 41
46 45
47 0
47 27
47 29
48 4
48 14
48 23
48 27
48 41
48 43
48 45
48 47
49 2
49 3
49 8
49 10
49 14
49 22
49 37
49 39
49 43
49 45
