60
250
2 0
4 0
5 0
9 2
9 7
10 0
10 8
11 2
11 4
12 8
13 11
14 10
14 11
15 7
15 9
16 6
16 9
16 11
17 7
17 8
17 11
17 16
18 8
18 9
18 13
19 1
19 3
19 14
19 16
20 2
20 5
20 7
21 9
21 13
21 15
22 0
22 1
22 12
22 20
23 2
23 3
23 9
23 11
24 2
24 6
24 20
24 21
25 23
26 4
26 11
26 12
26 16
26 20
26 21
27 11
27 15
27 16
28 3
28 8
28 9
29 14
30 6
30 8
30 11
30 16
30 17
30 24
31 2
31 8
31 10
31 21
31 25
31 27
32 6
32 8
32 9
32 21
33 3
33 4
33 5
33 8
33 24
33 31
34 2
34 14
34 28
34 30
34 32
34 33
35 3
35 6
35 10
35 21
35 24
35 28
35 33
36 2
36 7
37 3
37 14
37 15
37 19
37 21
38 12
38 17
39 10
39 18
39 23
39 24
40 0
40 2
40 10
40 14
40 17
40 23
40 26
40 28
40 38
41 2
41 6
41 14
41 36
41 38
42 7
42 9
42 26
42 32
42 33
43 16
43 29
43 36
43 37
44 17
44 29
44 40
44 42
45 27
45 36
45 39
45 44
46 1
46 4
46 20
46 22
46 29
46 30
46 39
46 43
47 3
47 10
47 24
47 33
47 41
48 5
48 14
48 15
48 25
48 27
48 36
48 38
48 40
49 0
49 8
49 9
49 11
49 14
49 19
49 21
49 26
49 28
49 40
49 41
50 8
50 15
50 23
50 27
50 29
50 32
50 37
50 38
50 46
51 0
51 11
51 27
51 28
51 34
51 35
51 43
51 49
52 0
52 7
52 13
52 26
52 29
52 34
52 46
53 4
53 16
53 20
53 23
53 24
53 26
53 34
53 43
53 49
53 52
54 10
54 19
54 25
54 48
54 51
55 9
55 25
55 29
55 32
55 37
55 49
55 52
55 53
55 54
56 10
56 12
56 14
56 38
56 39
57 1
57 5
57 9
57 10
57 12
57 16
57 25
57 41
57 54
58 20
58 27
58 28
58 31
58 39
58 42
58 48
58 51
59 6
59 13
59 19
59 23
59 29
59 33
59 44
59 55
