30
120
2 0
5 1
6 2
6 5
7 6
8 0
8 4
9 1
9 5
10 2
10 6
11 3
11 4
11 8
12 11
13 1
13 2
13 3
13 6
13 9
14 5
14 7
14 12
15 8
15 10
15 11
16 1
16 3
16 8
17 0
17 1
17 2
17 8
17 9
17 14
17 15
18 13
18 14
18 15
18 16
19 4
19 6
19 11
19 18
20 4
20 12
20 19
21 7
21 8
21 9
21 10
21 17
21 18
21 20
22 0
22 3
22 5
22 8
22 9
22 16
22 17
23 0
23 5
24 3
24 6
24 7
24 10
24 11
24 13
24 14
24 15
24 17
24 23
25 0
25 1
25 3
25 10
25 13
25 14
25 18
25 19
26 1
26 4
26 8
26 11
26 14
26 19
26 25
27 1
27 2
27 3
27 10
27 11
27 13
27 15
27 18
27 19
27 23
27 26
28 1
28 6
28 7
28 8
28 11
28 20
28 21
28 26
28 27
29 0
29 1
29 2
29 4
29 6
29 7
29 11
29 12
29 15
29 16
29 18
29 21
