80
350
3 0
6 0
7 1
9 2
10 0
12 10
13 0
13 11
14 2
15 6
17 11
17 16
19 13
20 9
21 11
23 10
23 14
23 22
24 14
24 18
25 1
25 4
25 14
25 17
26 19
26 22
27 3
27 7
27 12
27 23
28 0
28 18
28 20
29 12
29 17
29 18
29 19
30 0
30 1
30 4
30 11
30 14
30 18
30 26
31 3
31 12
31 15
32 3
32 10
32 18
32 27
32 28
32 31
33 2
34 16
34 31
35 4
35 10
35 15
35 17
35 27
35 28
35 31
36 15
36 20
36 22
37 1
37 13
37 36
38 4
38 11
39 0
39 20
40 3
40 6
40 9
40 11
40 15
40 23
41 22
41 23
41 28
41 36
41 38
42 3
42 7
42 10
42 11
42 14
42 17
42 33
42 37
43 12
43 20
43 35
43 40
44 11
44 20
44 29
44 31
44 33
45 3
45 6
45 15
45 38
45 41
46 8
46 18
46 22
46 28
46 40
46 43
47 2
47 4
47 7
47 8
47 14
47 28
47 32
47 37
47 44
48 3
48 29
48 33
48 39
48 40
48 42
48 43
49 5
49 20
49 21
49 22
49 29
49 35
49 37
49 42
49 45
50 4
50 17
50 19
50 43
51 8
51 16
51 21
51 23
51 26
51 27
51 48
52 3
52 13
52 26
52 29
52 31
52 42
53 33
53 37
53 45
53 49
53 51
54 0
54 3
54 19
54 27
54 51
54 53
55 3
55 19
55 38
55 48
56 4
56 10
56 35
56 43
56 44
56 49
57 39
57 48
58 4
58 15
58 21
58 22
58 38
58 39
58 48
58 52
59 5
59 22
59 24
59 53
59 54
59 56
60 3
60 31
60 53
60 57
60 58
61 5
61 9
61 20
61 37
61 38
61 47
61 58
62 2
62 27
62 30
62 40
62 44
62 52
63 3
63 14
63 35
63 42
63 55
63 57
63 58
64 3
64 7
64 26
64 48
64 50
65 6
65 8
65 15
65 18
65 19
65 25
65 33
65 38
65 50
65 55
65 56
66 0
66 11
66 13
66 28
66 34
66 39
66 43
66 54
66 62
67 11
67 20
67 29
67 37
67 39
67 51
68 0
68 2
68 36
68 38
68 57
68 62
69 0
69 15
69 18
69 24
69 30
69 37
69 39
69 62
69 65
70 10
70 26
70 31
70 34
70 46
70 48
70 49
70 57
71 6
71 11
71 21
71 27
71 28
71 33
71 35
71 50
71 53
71 58
71 66
71 69
72 9
72 14
72 17
72 20
72 34
72 60
72 65
72 68
72 69
73 4
73 25
73 26
73 32
73 70
74 12
74 34
74 39
74 40
74 50
74 53
74 62
74 66
74 67
74 72
75 14
75 16
75 19
75 32
75 35
75 52
75 66
75 72
76 1
76 7
76 10
76 14
76 16
76 23
76 55
76 73
77 16
77 17
77 19
77 25
77 27
77 36
77 40
77 44
77 56
77 68
77 69
77 72
78 20
78 26
78 27
78 38
78 52
78 53
78 64
79 8
79 12
79 15
79 25
79 30
79 44
79 49
79 63
79 73
