45
180
1 0
3 1
4 0
4 1
5 0
6 4
6 5
7 3
7 4
8 4
9 7
10 8
11 0
11 3
11 6
12 3
13 4
13 5
14 5
14 6
14 8
14 13
15 0
15 12
15 13
16 10
16 14
17 10
17 11
18 1
18 3
18 4
18 8
18 10
18 12
18 15
18 16
19 1
19 2
19 4
19 5
19 8
19 9
19 14
20 4
20 17
21 10
22 8
22 11
22 21
23 19
23 21
24 1
24 2
24 3
24 13
24 14
25 7
25 12
25 14
26 2
26 7
26 17
26 22
27 4
27 5
27 16
28 12
28 16
28 23
29 4
29 7
29 25
30 6
30 18
30 19
30 20
30 21
30 25
30 28
31 2
31 7
31 19
31 30
32 0
32 15
32 25
32 26
32 30
33 6
33 12
33 14
33 20
33 23
33 26
33 30
34 12
34 22
34 31
34 33
35 0
35 10
35 12
35 16
35 18
35 19
35 22
36 5
36 11
36 21
36 29
36 33
36 34
37 1
37 5
37 7
37 9
37 11
37 13
37 24
37 33
38 0
38 4
38 7
38 10
38 11
38 20
38 26
38 36
39 8
39 9
39 16
39 21
39 23
39 27
39 31
39 37
39 38
40 8
40 13
40 14
40 23
40 33
40 38
41 5
41 6
41 10
41 11
41 16
41 19
41 22
41 26
41 40
42 6
42 8
42 18
42 27
42 28
42 29
42 31
42 37
42 38
43 2
43 5
43 6
43 8
43 10
43 17
43 20
43 27
43 42
44 2
44 9
44 10
44 11
44 16
44 22
44 24
44 25
44 34
