40
160
5 0
5 2
6 1
6 2
9 6
10 4
11 0
11 4
12 0
12 3
12 5
12 6
12 7
12 8
12 10
13 4
13 8
13 9
13 10
14 3
14 4
15 2
15 10
15 11
15 13
16 10
17 0
17 2
17 4
18 8
18 12
19 0
19 7
19 9
19 13
19 17
19 18
20 12
20 16
20 18
21 0
21 4
21 5
21 6
21 8
21 14
22 2
22 8
22 10
22 17
22 21
23 0
23 1
23 10
23 12
23 19
24 3
24 13
24 15
24 20
24 21
25 1
25 12
25 15
25 17
25 19
25 20
25 23
26 16
26 21
26 23
27 7
27 10
27 16
27 20
28 2
28 5
28 9
28 11
28 17
28 19
28 25
28 27
29 5
29 9
29 10
29 14
29 16
29 18
29 23
29 26
29 28
30 11
30 13
30 14
30 22
30 24
31 15
32 12
32 15
32 19
32 22
32 24
32 28
34 5
34 8
34 12
34 15
34 24
34 30
35 6
35 10
35 13
35 14
35 15
35 23
35 25
35 27
35 29
35 33
36 0
36 4
36 8
36 12
36 13
36 15
36 16
36 23
37 2
37 6
37 12
37 16
37 25
37 26
37 29
38 0
38 3
38 7
38 9
38 19
38 30
39 2
39 5
39 6
39 7
39 10
39 13
39 15
39 17
39 18
39 22
39 24
39 25
39 26
39 28
39 29
39 30
39 35
39 36
39 37
