35
140
5 0
5 1
5 2
5 3
7 4
8 0
8 3
8 5
8 6
9 3
10 1
10 6
11 3
12 0
12 4
13 1
13 2
13 3
13 6
13 11
14 0
14 5
14 12
14 13
15 0
15 1
15 8
15 13
16 0
16 1
16 2
17 3
17 6
17 8
17 14
18 3
18 15
19 0
19 2
19 6
19 9
19 14
20 4
20 6
20 9
20 18
21 6
21 11
21 13
21 16
21 20
22 1
22 3
22 6
22 11
22 12
22 18
22 20
23 4
23 9
24 1
24 10
24 12
24 14
24 17
24 22
25 3
25 4
25 7
25 9
25 10
25 12
25 13
25 16
25 20
25 22
26 0
26 4
26 8
26 14
26 19
26 21
26 22
27 0
27 2
27 3
27 19
27 21
27 22
27 26
28 7
28 8
28 10
28 12
28 17
28 21
28 24
28 27
29 7
29 8
29 10
29 11
29 23
29 27
30 2
30 3
30 7
30 9
30 22
30 26
31 1
31 3
31 6
31 7
31 8
31 10
31 12
31 13
31 15
31 25
31 29
32 2
32 5
32 12
32 14
32 16
32 26
32 30
33 11
33 14
33 20
33 28
34 0
34 3
34 5
34 6
34 10
34 19
34 22
34 23
