100
100
28 58
58 24
24 77
77 60
60 44
44 73
73 6
6 17
17 41
41 8
8 56
56 85
85 20
20 66
66 98
98 30
30 18
18 54
54 79
79 29
29 5
5 83
83 86
86 68
68 48
48 16
16 59
59 39
39 78
78 11
11 76
76 31
31 32
32 22
22 51
51 43
43 36
36 26
26 14
14 71
71 13
13 74
74 37
37 82
82 94
94 4
4 25
25 21
21 99
99 89
89 19
19 67
67 53
53 52
52 38
38 34
34 96
96 47
47 27
27 7
7 72
72 12
12 9
9 87
87 93
93 80
80 15
15 45
45 81
81 91
91 70
70 33
33 1
1 23
23 49
49 88
88 75
75 95
95 90
90 40
40 2
2 84
84 97
97 42
42 35
35 64
64 46
46 62
62 3
3 50
50 10
10 65
65 69
69 61
61 0
0 92
92 63
63 55
55 57
57 28
