100
99
53 36
53 97
36 78
36 20
20 79
20 37
53 3
20 42
79 90
37 4
36 62
42 7
20 8
36 43
90 99
8 58
37 0
7 40
62 25
97 87
3 81
87 83
83 48
99 11
4 9
99 56
8 13
58 96
7 55
13 35
90 68
53 49
58 75
48 16
49 52
25 92
16 63
87 70
42 67
4 14
13 64
20 93
87 5
36 95
67 31
0 91
55 46
13 18
56 41
5 15
9 47
20 74
58 24
0 82
37 94
87 50
91 61
74 72
15 33
87 28
83 60
91 57
52 34
40 17
83 27
27 19
20 89
99 71
83 54
99 2
58 59
0 66
61 44
7 26
94 77
41 76
87 22
46 6
47 65
93 1
79 38
27 10
18 21
57 80
37 51
41 88
46 73
67 86
40 32
68 69
80 12
5 23
17 85
40 29
53 45
78 30
93 39
35 98
55 84
